# 1:t 2:x 3:y 4:z 5:P 6:Pmac 7:U 8:V 9:DU
500 0.49 -0.5 0 2.62153e-08 5.53249e-08 0.000436367 -3.93862e-06 -0.000117055
500 0.49 -0.49 0 2.67084e-08 5.68864e-08 0.000434785 -1.01859e-06 -0.000116629
500 0.49 -0.48 0 2.72748e-08 5.73128e-08 0.000433259 3.79711e-07 -0.000116214
500 0.49 -0.47 0 2.78413e-08 5.77393e-08 0.000431733 1.77801e-06 -0.000115799
500 0.49 -0.46 0 2.84078e-08 5.81658e-08 0.000430206 3.17631e-06 -0.000115384
500 0.49 -0.45 0 2.89742e-08 5.85923e-08 0.00042868 4.5746e-06 -0.000114969
500 0.49 -0.44 0 2.9412e-08 5.77069e-08 0.000427244 6.52076e-06 -0.00011457
500 0.49 -0.43 0 3.07505e-08 5.68472e-08 0.0004233 9.02333e-06 -0.000113507
500 0.49 -0.42 0 3.23648e-08 5.95648e-08 0.000418559 1.02437e-05 -0.000112201
500 0.49 -0.41 0 3.39662e-08 6.34234e-08 0.000413835 1.0995e-05 -0.000110887
500 0.49 -0.4 0 3.55675e-08 6.7282e-08 0.000409111 1.17464e-05 -0.000109573
500 0.49 -0.39 0 3.71689e-08 7.11407e-08 0.000404386 1.24978e-05 -0.00010826
500 0.49 -0.38 0 3.84795e-08 7.54005e-08 0.000399801 1.39718e-05 -0.00010696
500 0.49 -0.37 0 3.98074e-08 8.33173e-08 0.000393469 1.56219e-05 -0.000105158
500 0.49 -0.36 0 4.18051e-08 9.0406e-08 0.000385609 1.65841e-05 -0.000102948
500 0.49 -0.35 0 4.42941e-08 9.0508e-08 0.000377965 1.80175e-05 -0.000100798
500 0.49 -0.34 0 4.6624e-08 8.60973e-08 0.000369519 2.03128e-05 -9.84573e-05
500 0.49 -0.33 0 4.87604e-08 8.41696e-08 0.000359864 2.18665e-05 -9.58296e-05
500 0.49 -0.32 0 5.17012e-08 8.64364e-08 0.000349702 2.28639e-05 -9.29877e-05
500 0.49 -0.31 0 5.49081e-08 9.12359e-08 0.000338766 2.46122e-05 -8.99237e-05
500 0.49 -0.3 0 5.81135e-08 9.491e-08 0.000326207 2.62077e-05 -8.64769e-05
500 0.49 -0.29 0 6.10876e-08 9.79756e-08 0.000313565 2.71356e-05 -8.29296e-05
500 0.49 -0.28 0 6.33269e-08 9.90545e-08 0.000300752 2.92092e-05 -7.93132e-05
500 0.49 -0.27 0 6.64094e-08 1.01489e-07 0.00028565 3.12847e-05 -7.49919e-05
500 0.49 -0.26 0 6.96434e-08 1.05433e-07 0.00027066 3.22113e-05 -7.08328e-05
500 0.49 -0.25 0 7.18151e-08 1.08116e-07 0.000255128 3.38805e-05 -6.65961e-05
500 0.49 -0.24 0 7.52951e-08 1.03246e-07 0.000238227 3.46038e-05 -6.21741e-05
500 0.49 -0.23 0 7.76795e-08 1.04448e-07 0.000219812 3.53144e-05 -5.70022e-05
500 0.49 -0.22 0 7.9422e-08 1.11869e-07 0.000200514 3.56015e-05 -5.14481e-05
500 0.49 -0.21 0 8.11308e-08 1.24191e-07 0.000180412 3.59414e-05 -4.56769e-05
500 0.49 -0.2 0 8.24363e-08 1.2032e-07 0.000160117 3.44404e-05 -3.99592e-05
500 0.49 -0.19 0 8.34637e-08 1.1984e-07 0.000139181 3.23178e-05 -3.39866e-05
500 0.49 -0.18 0 8.44503e-08 1.19671e-07 0.000118574 3.02396e-05 -2.81519e-05
500 0.49 -0.17 0 8.49415e-08 1.18736e-07 9.80137e-05 2.63799e-05 -2.23095e-05
500 0.49 -0.16 0 8.54062e-08 1.17849e-07 7.86056e-05 2.2502e-05 -1.69374e-05
500 0.49 -0.15 0 8.56432e-08 1.16447e-07 6.07283e-05 1.88236e-05 -1.21266e-05
500 0.49 -0.14 0 8.56629e-08 1.145e-07 4.43302e-05 1.34851e-05 -7.94136e-06
500 0.49 -0.13 0 8.56664e-08 1.12919e-07 3.13122e-05 1.00738e-05 -4.90326e-06
500 0.49 -0.12 0 8.57297e-08 1.11839e-07 1.99397e-05 6.85641e-06 -2.37188e-06
500 0.49 -0.11 0 8.55349e-08 1.11251e-07 1.13741e-05 3.5765e-06 -8.50303e-07
500 0.49 -0.1 0 8.56611e-08 1.1057e-07 6.08419e-06 2.21477e-06 -3.15619e-08
500 0.49 -0.09 0 8.54315e-08 1.10944e-07 2.42915e-06 8.88544e-07 3.11538e-07
500 0.49 -0.08 0 8.54108e-08 1.11201e-07 6.72476e-07 2.07252e-07 3.32741e-07
500 0.49 -0.07 0 8.53945e-08 1.11219e-07 4.63899e-08 -3.90645e-08 1.97031e-07
500 0.49 -0.06 0 8.53538e-08 1.10979e-07 -7.58906e-08 -4.47148e-08 8.74097e-08
500 0.49 -0.05 0 8.52811e-08 1.10511e-07 -4.36754e-08 1.26609e-08 2.56611e-08
500 0.49 -0.04 0 8.5193e-08 1.09848e-07 -1.01202e-08 6.44324e-08 5.48272e-09
500 0.49 -0.03 0 8.5084e-08 1.08984e-07 4.36398e-09 8.7796e-08 7.77212e-10
500 0.49 -0.02 0 8.49645e-08 1.07955e-07 4.49912e-09 1.00467e-07 -7.92267e-10
500 0.49 -0.01 0 8.48409e-08 1.06821e-07 1.60749e-09 9.97542e-08 -1.56136e-09
500 0.49 0 0 8.58114e-08 1.06705e-07 -2.67217e-09 9.66064e-08 -1.47935e-09
500 0.49 0.01 0 8.45986e-08 1.044e-07 -7.41856e-09 8.84621e-08 -1.92836e-09
500 0.49 0.02 0 8.44963e-08 1.03255e-07 -8.84204e-09 7.5882e-08 -1.66273e-09
500 0.49 0.03 0 8.44088e-08 1.02199e-07 -1.22725e-08 6.26723e-08 -9.6442e-10
500 0.49 0.04 0 8.43371e-08 1.01253e-07 -2.62176e-08 6.51927e-08 3.93089e-09
500 0.49 0.05 0 8.42713e-08 1.00376e-07 -5.91906e-08 9.44854e-08 2.37479e-08
500 0.49 0.06 0 8.42143e-08 9.95581e-08 -8.98178e-08 1.33863e-07 8.58383e-08
500 0.49 0.07 0 8.41475e-08 9.87494e-08 3.41676e-08 1.11697e-07 1.95922e-07
500 0.49 0.08 0 8.40785e-08 9.79417e-08 6.63067e-07 -1.48182e-07 3.32483e-07
500 0.49 0.09 0 8.40295e-08 9.71041e-08 2.42185e-06 -8.40356e-07 3.11702e-07
500 0.49 0.1 0 8.42041e-08 9.63489e-08 6.07845e-06 -2.1748e-06 -3.09515e-08
500 0.49 0.11 0 8.40317e-08 9.67781e-08 1.13704e-05 -3.54308e-06 -8.49501e-07
500 0.49 0.12 0 8.41927e-08 9.7287e-08 1.99387e-05 -6.82939e-06 -2.37094e-06
500 0.49 0.13 0 8.41018e-08 9.83618e-08 3.13143e-05 -1.00528e-05 -4.9024e-06
500 0.49 0.14 0 8.40783e-08 1.00042e-07 4.43359e-05 -1.34697e-05 -7.94106e-06
500 0.49 0.15 0 8.4047e-08 1.02151e-07 6.07383e-05 -1.88135e-05 -1.21272e-05
500 0.49 0.16 0 8.38046e-08 1.03765e-07 7.86196e-05 -2.24969e-05 -1.69394e-05
500 0.49 0.17 0 8.33419e-08 1.04918e-07 9.80315e-05 -2.63791e-05 -2.2313e-05
500 0.49 0.18 0 8.28581e-08 1.06134e-07 0.000118595 -3.02423e-05 -2.81566e-05
500 0.49 0.19 0 8.18874e-08 1.06635e-07 0.000139204 -3.2324e-05 -3.39925e-05
500 0.49 0.2 0 8.08819e-08 1.07472e-07 0.00016014 -3.44497e-05 -3.99651e-05
500 0.49 0.21 0 7.96047e-08 1.11729e-07 0.000180433 -3.59543e-05 -4.56821e-05
500 0.49 0.22 0 7.79355e-08 9.98259e-08 0.000200533 -3.56196e-05 -5.14517e-05
500 0.49 0.23 0 7.62364e-08 9.27435e-08 0.000219828 -3.53381e-05 -5.70043e-05
500 0.49 0.24 0 7.39072e-08 9.18861e-08 0.000238241 -3.46336e-05 -6.21755e-05
500 0.49 0.25 0 7.05017e-08 9.72068e-08 0.00025514 -3.3916e-05 -6.65985e-05
500 0.49 0.26 0 6.83951e-08 9.49807e-08 0.000270669 -3.22519e-05 -7.08353e-05
500 0.49 0.27 0 6.5241e-08 9.15505e-08 0.000285659 -3.13282e-05 -7.49945e-05
500 0.49 0.28 0 6.22419e-08 8.95809e-08 0.000300761 -2.92549e-05 -7.93158e-05
500 0.49 0.29 0 6.00738e-08 8.8898e-08 0.000313574 -2.71828e-05 -8.29319e-05
500 0.49 0.3 0 5.71803e-08 8.625e-08 0.000326216 -2.62562e-05 -8.64791e-05
500 0.49 0.31 0 5.40626e-08 8.30162e-08 0.000338774 -2.46618e-05 -8.99259e-05
500 0.49 0.32 0 5.09285e-08 7.85984e-08 0.000349709 -2.29145e-05 -9.29899e-05
500 0.49 0.33 0 4.80639e-08 7.67056e-08 0.000359871 -2.19178e-05 -9.58317e-05
500 0.49 0.34 0 4.60102e-08 7.90232e-08 0.000369525 -2.03645e-05 -9.84592e-05
500 0.49 0.35 0 4.37493e-08 8.37803e-08 0.00037797 -1.80699e-05 -0.0001008
500 0.49 0.36 0 4.13237e-08 8.398e-08 0.000385613 -1.66377e-05 -0.000102949
500 0.49 0.37 0 3.93998e-08 7.72008e-08 0.000393472 -1.56765e-05 -0.000105159
500 0.49 0.38 0 3.81293e-08 6.95889e-08 0.000399803 -1.40275e-05 -0.000106961
500 0.49 0.39 0 3.68562e-08 6.55398e-08 0.000404389 -1.25544e-05 -0.00010826
500 0.49 0.4 0 3.52965e-08 6.18182e-08 0.000409111 -1.18028e-05 -0.000109574
500 0.49 0.41 0 3.37367e-08 5.80967e-08 0.000413834 -1.10512e-05 -0.000110888
500 0.49 0.42 0 3.2177e-08 5.43751e-08 0.000418557 -1.02996e-05 -0.000112202
500 0.49 0.43 0 3.06088e-08 5.17953e-08 0.000423296 -9.07865e-06 -0.000113509
500 0.49 0.44 0 2.93207e-08 5.28956e-08 0.000427238 -6.57409e-06 -0.000114571
500 0.49 0.45 0 2.89072e-08 5.42851e-08 0.000428673 -4.62642e-06 -0.000114969
500 0.49 0.46 0 2.83686e-08 5.42508e-08 0.000430199 -3.22698e-06 -0.000115386
500 0.49 0.47 0 2.78299e-08 5.42165e-08 0.000431726 -1.82753e-06 -0.000115802
500 0.49 0.48 0 2.72913e-08 5.41822e-08 0.000433252 -4.28076e-07 -0.000116218
500 0.49 0.49 0 2.67527e-08 5.41479e-08 0.000434779 9.71374e-07 -0.000116634
